Metabolites	isotopologues	Intracellular_16_01	Intracellular_16_02	Intracellular_16_03	Intracellular_16_04	Intracellular_16_05	Theoretical CID
Alanine	M0	-12.5751501	-12.5751501	-12.5751501	-12.5751501	-12.5751501	0
Alanine	M1	5.4471503	5.1141503	5.5701503	5.1371503	5.09515030000001	0
Alanine	M2	6.9841497	7.0441497	6.7511497	6.8531497	7.1171497	0
Alanine	M3	0.143850099999999	0.416850100000001	0.253850100000001	0.583850100000001	0.361850100000001	0
Arginine	M0	-1.5813440003753	-1.5813440003753	-1.5813440003753	-1.5813440003753	-1.5813440003753	0
Arginine	M0	-9.4501874992488	-9.4501874992488	-9.4501874992488	-9.4501874992488	-9.4501874992488	0
Arginine	M0	-23.5311554996265	-23.5311554996265	-23.5311554996265	-23.5311554996265	-23.5311554996265	0
Arginine	M0	-31.2496250015	-31.2496250015	-31.2496250015	-31.2496250015	-31.2496250015	0
Arginine	M0	-23.3436569996235	-23.3436569996235	-23.3436569996235	-23.3436569996235	-23.3436569996235	0
Arginine	M0	-9.3001874992512	-9.3001874992512	-9.3001874992512	-9.3001874992512	-9.3001874992512	0
Arginine	M0	-1.5438435003747	-1.5438435003747	-1.5438435003747	-1.5438435003747	-1.5438435003747	0
Asparagine	M0	50.2228497999	51.9268497999	40.8768497999	62.1028497999	57.4558497999	0
Asparagine	M1	1.0820004004	-2.3439995996	0.0260004004000003	-9.4419995996	-9.3709995996	0
Asparagine	M2	-25.8337000006	-24.0077000006	-19.2307000006	-27.4087000006	-24.1827000006	0
Asparagine	M3	-19.9890003996	-20.0770003996	-16.6730003996	-19.7000003996	-18.5940003996	0
Asparagine	M4	-5.4821498001	-5.4971498001	-4.9991498001	-5.5521498001	-5.3071498001	0
Aspartate	M0	-0.5521502001	-0.451150200100001	-0.4301502001	-0.619150200100001	-0.401150200100001	0
Aspartate	M1	0.357000400400004	0.150000400400002	0.165000400400001	0.179000400400003	0.216000400400002	0
Aspartate	M2	1.46029999940001	1.2922999994	1.59929999940001	1.81729999940001	1.4202999994	0
Aspartate	M3	0.390999600400002	0.557999600399997	0.559999600399999	0.467999600400001	0.484999600400002	0
Aspartate	M4	-1.6551498001	-1.5481498001	-1.8931498001	-1.8461498001	-1.7191498001	0
Glutamate	M0	-0.2773752502501	-0.2363752502501	-0.2503752502501	-0.2753752502501	-0.1973752502501	0
Glutamate	M1	-0.272874749249505	-0.0998747492495039	-0.226874749249503	-0.258874749249505	-0.0818747492495026	0
Glutamate	M2	0.161750499499008	-0.270249500500996	0.0347504994990089	0.0357504994990043	-0.092249500500996	0
Glutamate	M3	0.134749499501002	0.414749499501005	0.422749499501002	0.421749499501001	0.273749499501003	0
Glutamate	M4	0.5576247507495	0.526624750749499	0.307624750749499	0.408624750749498	0.4166247507495	0
Glutamate	M5	-0.3028747502499	-0.3348747502499	-0.2888747502499	-0.3298747502499	-0.3188747502499	0
Glutamine	M0	-1.0603752502501	-1.1003752502501	-1.2973752502501	-1.2133752502501	-1.2233752502501	0
Glutamine	M1	-0.392874749249503	-0.615874749249504	-1.1048747492495	-1.0488747492495	-0.958874749249503	0
Glutamine	M2	1.877750499499	1.50375049949901	2.00675049949901	1.87175049949901	1.362750499499	0
Glutamine	M3	2.027749499501	1.941749499501	2.159749499501	2.183749499501	2.271749499501	0
Glutamine	M4	-1.0443752492505	-0.275375249250501	-0.336375249250501	-0.2023752492505	-0.0713752492505021	0
Glutamine	M5	-1.4078747502499	-1.4548747502499	-1.4278747502499	-1.5898747502499	-1.3808747502499	0
Glycine	M0	5.2029	6.2919	0.00790000000000513	7.3569	2.4989	0
Glycine	M1	-0.246800000000003	0.765200000000005	4.3862	-0.555800000000001	6.6072	0
Glycine	M2	-4.9561	-7.0571	-4.3951	-6.8011	-9.1071	0
Histidine	M0	-1.5813440003753	-1.5813440003753	-1.5813440003753	-1.5813440003753	-1.5813440003753	0
Histidine	M1	-9.4501874992488	-9.4501874992488	-9.4501874992488	-9.4501874992488	-9.4501874992488	0
Histidine	M2	1.5318445003735	3.2508445003735	1.7208445003735	4.92484450037349	2.7138445003735	0
Histidine	M3	10.7773749985	9.1143749985	9.8223749985	17.1173749985	14.5443749985	0
Histidine	M4	2.1753430003765	1.5033430003765	1.7103430003765	-8.8396569996235	-2.8406569996235	0
Histidine	M5	-1.9091874992512	-1.2931874992512	-0.678187499251198	-0.627187499251199	-1.8431874992512	0
Histidine	M6	-1.5438435003747	-1.5438435003747	-1.5438435003747	-1.5438435003747	-1.5438435003747	0
Isoleucine	M0	-1.5813440003753	-1.5813440003753	-1.5813440003753	-1.5813440003753	-1.5813440003753	0
Isoleucine	M1	-3.1861874992488	-2.4721874992488	-2.4381874992488	-2.5311874992488	-2.3481874992488	0
Isoleucine	M2	2.1598445003735	1.5918445003735	1.84984450037349	1.40684450037349	1.47784450037349	0
Isoleucine	M3	5.2663749985	4.2073749985	4.2403749985	4.5083749985	4.6293749985	0
Isoleucine	M4	2.1543430003765	2.4873430003765	2.3073430003765	2.3573430003765	1.9493430003765	0
Isoleucine	M5	-3.5561874992512	-3.0191874992512	-3.0711874992512	-2.8551874992512	-2.7781874992512	0
Isoleucine	M6	-1.2558435003747	-1.2148435003747	-1.3068435003747	-1.3048435003747	-1.3498435003747	0
Leucine	M0	0.7246559996247	0.7136559996247	0.5456559996247	0.5696559996247	0.6276559996247	0
Leucine	M1	-0.276187499248798	-0.379187499248798	-0.314187499248798	-0.380187499248798	-0.400187499248798	0
Leucine	M2	0.145844500373496	0.160844500373494	0.438844500373495	0.272844500373495	0.297844500373495	0
Leucine	M3	0.435374998500004	0.402374998500005	0.554374998500001	0.469374998500005	0.5033749985	0
Leucine	M4	0.310343000376501	0.3453430003765	0.270343000376499	0.5423430003765	0.3903430003765	0
Leucine	M5	-0.351187499251199	-0.331187499251198	-0.443187499251199	-0.423187499251199	-0.384187499251198	0
Leucine	M6	-0.9888435003747	-0.9128435003747	-1.0518435003747	-1.0488435003747	-1.0358435003747	0
Lysine	M0	-1.5813440003753	-1.5813440003753	-1.5813440003753	-1.5813440003753	-1.5813440003753	0
Lysine	M1	-4.9451874992488	-3.8301874992488	-5.2691874992488	-5.0291874992488	-4.1391874992488	0
Lysine	M2	0.694844500373495	0.453844500373496	0.392844500373496	0.662844500373494	1.6798445003735	0
Lysine	M3	10.3353749985	8.0723749985	14.9063749985	10.0143749985	8.8533749985	0
Lysine	M4	1.1613430003765	3.3673430003765	-2.6416569996235	0.888343000376501	0.0723430003765013	0
Lysine	M5	-4.1211874992512	-4.9381874992512	-4.2621874992512	-3.4111874992512	-3.3401874992512	0
Lysine	M6	-1.5438435003747	-1.5438435003747	-1.5438435003747	-1.5438435003747	-1.5438435003747	0
Methionine	M0	-1.8373752502501	-1.4983752502501	-1.3193752502501	-1.3013752502501	-2.3703752502501	0
Methionine	M1	-12.6798747492495	-9.6418747492495	-13.8028747492495	-14.5198747492495	-13.3638747492495	0
Methionine	M2	11.544750499499	12.653750499499	13.533750499499	27.341750499499	7.239750499499	0
Methionine	M3	3.095749499501	0.120749499501005	5.034749499501	-6.774250500499	8.769749499501	0
Methionine	M4	2.9716247507495	1.4596247507495	-0.3523752492505	-1.6523752492505	2.8186247507495	0
Methionine	M5	-3.0938747502499	-3.0938747502499	-3.0938747502499	-3.0938747502499	-3.0938747502499	0
Phenylalanine	M0	2.12214361835546	2.08814361835546	2.09814361835546	1.88814361835546	1.93714361835546	0
Phenylalanine	M1	-0.179562894142959	-0.20356289414296	-0.326562894142959	-0.164562894142959	-0.248562894142959	0
Phenylalanine	M2	-0.479787498421851	-0.642787498421851	-0.386787498421851	-0.342787498421851	-0.432787498421851	0
Phenylalanine	M3	-0.318686448428154	-0.315686448428154	-0.287686448428154	-0.293686448428154	-0.300686448428156	0
Phenylalanine	M4	-0.588199214867219	-0.287199214867218	-0.134199214867217	-0.37519921486722	-0.385199214867218	0
Phenylalanine	M5	0.034236710142227	-0.00776328985777341	-0.0967632898577736	0.0112367101422289	0.0112367101422289	0
Phenylalanine	M6	0.0891864515781438	0.104186451578142	-0.114813548421858	0.112186451578145	0.234186451578144	0
Phenylalanine	M7	-0.0961624984281498	-0.0511624984281506	-0.190162498428149	-0.22816249842815	-0.13616249842815	0
Phenylalanine	M8	-0.407343356644535	-0.500343356644534	-0.390343356644535	-0.427343356644534	-0.494343356644534	0
Phenylalanine	M9	-0.174824869142964	-0.183824869142964	-0.170824869142964	-0.180824869142964	-0.183824869142964	0
Proline	M0	-0.7853752502501	-1.0983752502501	-0.8633752502501	-0.6943752502501	-0.9963752502501	0
Proline	M1	-0.997874749249503	-1.2688747492495	-1.2748747492495	-0.540874749249504	-0.871874749249504	0
Proline	M2	1.33775049949901	2.54775049949901	2.16275049949901	2.472750499499	2.161750499499	0
Proline	M3	2.990749499501	2.746749499501	2.676749499501	2.503749499501	2.192749499501	0
Proline	M4	-0.2803752492505	-0.922375249250501	-0.558375249250501	-1.7863752492505	-0.401375249250502	0
Proline	M5	-2.2648747502499	-2.0048747502499	-2.1428747502499	-1.9548747502499	-2.0848747502499	0
Serine	M0	21.6068499	23.4748499	20.4808499	20.3768499	23.1978499	0
Serine	M1	-8.3018497	-7.4738497	-3.77584969999999	-5.42484969999999	-8.0138497	0
Serine	M2	-5.6218503	-7.6968503	-9.1028503	-7.4708503	-7.7658503	0
Serine	M3	-7.6831499	-8.3041499	-7.6011499	-7.4811499	-7.4181499	0
Threonine	M0	-1.7801502001	-1.9271502001	-1.7931502001	-1.8911502001	-2.0451502001	0
Threonine	M1	0.334000400400003	0.405000400400002	-0.426999599599998	-1.3179995996	-0.783999599599999	0
Threonine	M2	4.59229999940001	5.19629999940001	6.45029999940001	6.49729999940001	6.5822999994	0
Threonine	M3	0.679999600400003	-0.2830003996	-0.689000399600001	0.211999600400001	-0.2550003996	0
Threonine	M4	-3.8261498001	-3.3921498001	-3.5411498001	-3.4991498001	-3.4971498001	0
Tryptophan	M0	-0.0499131506491608	89.1830868493508	89.1270868493508	-0.0499131506491608	89.0920868493508	0
Tryptophan	M1	-0.546852862102283	10.1831471378977	10.2111471378977	-0.546852862102283	10.2691471378977	0
Tryptophan	M2	-2.72334908372295	-2.72334908372295	-2.72334908372295	11.0676509162771	-2.72334908372295	0
Tryptophan	M3	38.8295677079177	-8.13743229208234	-8.13743229208234	-8.13743229208234	-8.13743229208234	0
Tryptophan	M4	-16.2098950648666	-16.2098950648666	-16.1938950648666	-16.2098950648666	-16.2098950648666	0
Tryptophan	M5	-22.6032588668978	-22.5902588668978	-22.5922588668978	-22.6032588668978	-22.6032588668978	0
Tryptophan	M6	3.15497370342911	-22.5130262965709	-22.5020262965709	18.6409737034291	-22.4990262965709	0
Tryptophan	M7	-16.0165385257897	-16.0165385257897	-16.0125385257897	-16.0165385257897	-16.0045385257897	0
Tryptophan	M8	12.5346998758792	-7.9653001241208	-7.9743001241208	27.7536998758792	-7.9663001241208	0
Tryptophan	M9	-1.40015286888641	-2.63815286888641	-2.63715286888641	-2.64815286888641	-2.64815286888641	0
Tryptophan	M10	-0.527516280069589	-0.526516280069589	-0.519516280069589	-0.527516280069589	-0.524516280069589	0
Tryptophan	M11	5.55823541575853	-0.0457645842414671	-0.0457645842414671	9.27723541575853	-0.0447645842414671	0
Tyrosine	M0	-0.198856381644539	0.557143618355461	0.610143618355461	0.513143618355461	0.706143618355461	0
Tyrosine	M1	-1.78256289414296	-1.21256289414296	-1.25556289414296	-1.26956289414296	-1.19656289414296	0
Tyrosine	M2	-3.77478749842185	-3.63578749842185	-4.05678749842185	-4.11578749842185	-4.05778749842185	0
Tyrosine	M3	-0.543686448428155	0.0843135515718463	-0.488686448428155	-0.596686448428155	-0.699686448428155	0
Tyrosine	M4	6.98780078513278	5.03680078513278	6.22580078513278	5.85280078513278	5.98680078513278	0
Tyrosine	M5	6.87123671014223	4.81523671014223	6.00723671014223	6.10923671014223	5.81723671014223	0
Tyrosine	M6	-1.72081354842186	-0.374813548421857	-1.42681354842186	-0.993813548421857	-0.963813548421857	0
Tyrosine	M7	-3.91316249842815	-3.79716249842815	-4.11416249842815	-3.97916249842815	-4.12816249842815	0
Tyrosine	M8	-1.73334335664453	-1.28134335664453	-1.30934335664453	-1.32734335664453	-1.27234335664453	0
Tyrosine	M9	-0.191824869142964	-0.191824869142964	-0.191824869142964	-0.191824869142964	-0.191824869142964	0
Valine	M0	-0.1203752502501	0.2206247497499	0.3886247497499	0.9006247497499	0.5846247497499	0
Valine	M1	-0.351874749249503	-0.570874749249503	0.0941252507504958	-0.0768747492495031	-0.0368747492495047	0
Valine	M2	1.511750499499	1.66575049949901	0.939750499499004	0.893750499499008	0.489750499499009	0
Valine	M3	2.024749499501	1.531749499501	1.054749499501	0.848749499501	1.237749499501	0
Valine	M4	-1.1503752492505	-1.0063752492505	-0.836375249250501	-0.972375249250501	-0.450375249250501	0
Valine	M5	-1.9138747502499	-1.8408747502499	-1.6408747502499	-1.5938747502499	-1.8238747502499	0
